<!DOCTYPE html>
<html>
<head>
  <meta chaset="UTF-8">
  <meta lang="en">
</head>
<body>
  <h1>Arranging elements in an array in Ascending Order</h1>
  <script src="asc.js></script> //Linking the javascript file named as 'asc.js'
</body>
</html>

//JavaScript for arranging elements in an array in Ascending Order
var a=[10,4,1,6,9,2,8,7,5,3,0];
var temp;
for(j=0;j<a.length;j++)
{
 for(i=0;i<=a.length-1;i++)
 {
  if(a[i]>a[i+1])
  {
    temp=a[i];
    a[i]=a[i+1];
    a[i+1]=temp;
  }
 console.log(a);
 }
console.log('------------');
}

Output:
[4,10,1,6,9,2,8,7,5,3,0]
[4,1,10,6,9,2,8,7,5,3,0]
[4,1,6,10,9,2,8,7,5,3,0]
[4,1,6,9,10,2,8,7,5,3,0]
[4,1,6,9,2,10,8,7,5,3,0]
[4,1,6,9,2,8,10,7,5,3,0]
[4,1,6,9,2,8,7,10,5,3,0]
[4,1,6,9,2,8,7,5,10,3,0]
[4,1,6,9,2,8,7,5,3,10,0]
[4,1,6,9,2,8,7,5,3,0,10]
[4,1,6,9,2,8,7,5,3,0,10]
------------
[1,4,6,9,2,8,7,5,3,0,10]
[1,4,6,9,2,8,7,5,3,0,10]
[1,4,6,9,2,8,7,5,3,0,10]
[1,4,6,2,9,8,7,5,3,0,10]
[1,4,6,2,8,9,7,5,3,0,10]
[1,4,6,2,8,7,9,5,3,0,10]
[1,4,6,2,8,7,5,9,3,0,10]
[1,4,6,2,8,7,5,3,9,0,10]
[1,4,6,2,8,7,5,3,0,9,10]
[1,4,6,2,8,7,5,3,0,9,10]
[1,4,6,2,8,7,5,3,0,9,10]
------------
[1,4,6,2,8,7,5,3,0,9,10]
[1,4,6,2,8,7,5,3,0,9,10]
[1,4,2,6,8,7,5,3,0,9,10]
[1,4,2,6,8,7,5,3,0,9,10]
[1,4,2,6,7,8,5,3,0,9,10]
[1,4,2,6,7,5,8,3,0,9,10]
[1,4,2,6,7,5,3,8,0,9,10]
[1,4,2,6,7,5,3,0,8,9,10]
[1,4,2,6,7,5,3,0,8,9,10]
[1,4,2,6,7,5,3,0,8,9,10]
[1,4,2,6,7,5,3,0,8,9,10]
------------
[1,4,2,6,7,5,3,0,8,9,10]
[1,2,4,6,7,5,3,0,8,9,10]
[1,2,4,6,7,5,3,0,8,9,10]
[1,2,4,6,7,5,3,0,8,9,10]
[1,2,4,6,5,7,3,0,8,9,10]
[1,2,4,6,5,3,7,0,8,9,10]
[1,2,4,6,5,3,0,7,8,9,10]
[1,2,4,6,5,3,0,7,8,9,10]
[1,2,4,6,5,3,0,7,8,9,10]
[1,2,4,6,5,3,0,7,8,9,10]
[1,2,4,6,5,3,0,7,8,9,10]
------------
[1,2,4,6,5,3,0,7,8,9,10]
[1,2,4,6,5,3,0,7,8,9,10]
[1,2,4,6,5,3,0,7,8,9,10]
[1,2,4,5,6,3,0,7,8,9,10]
[1,2,4,5,3,6,0,7,8,9,10]
[1,2,4,5,3,0,6,7,8,9,10]
[1,2,4,5,3,0,6,7,8,9,10]
[1,2,4,5,3,0,6,7,8,9,10]
[1,2,4,5,3,0,6,7,8,9,10]
[1,2,4,5,3,0,6,7,8,9,10]
[1,2,4,5,3,0,6,7,8,9,10]
------------
[1,2,4,5,3,0,6,7,8,9,10]
[1,2,4,5,3,0,6,7,8,9,10]
[1,2,4,5,3,0,6,7,8,9,10]
[1,2,4,3,5,0,6,7,8,9,10]
[1,2,4,3,0,5,6,7,8,9,10]
[1,2,4,3,0,5,6,7,8,9,10]
[1,2,4,3,0,5,6,7,8,9,10]
[1,2,4,3,0,5,6,7,8,9,10]
[1,2,4,3,0,5,6,7,8,9,10]
[1,2,4,3,0,5,6,7,8,9,10]
[1,2,4,3,0,5,6,7,8,9,10]
------------
[1,2,4,3,0,5,6,7,8,9,10]
[1,2,4,3,0,5,6,7,8,9,10]
[1,2,3,4,0,5,6,7,8,9,10]
[1,2,3,0,4,5,6,7,8,9,10]
[1,2,3,0,4,5,6,7,8,9,10]
[1,2,3,0,4,5,6,7,8,9,10]
[1,2,3,0,4,5,6,7,8,9,10]
[1,2,3,0,4,5,6,7,8,9,10]
[1,2,3,0,4,5,6,7,8,9,10]
[1,2,3,0,4,5,6,7,8,9,10]
[1,2,3,0,4,5,6,7,8,9,10]
------------
[1,2,3,0,4,5,6,7,8,9,10]
[1,2,3,0,4,5,6,7,8,9,10]
[1,2,0,3,4,5,6,7,8,9,10]
[1,2,0,3,4,5,6,7,8,9,10]
[1,2,0,3,4,5,6,7,8,9,10]
[1,2,0,3,4,5,6,7,8,9,10]
[1,2,0,3,4,5,6,7,8,9,10]
[1,2,0,3,4,5,6,7,8,9,10]
[1,2,0,3,4,5,6,7,8,9,10]
[1,2,0,3,4,5,6,7,8,9,10]
[1,2,0,3,4,5,6,7,8,9,10]
------------
[1,2,0,3,4,5,6,7,8,9,10]
[1,0,2,3,4,5,6,7,8,9,10]
[1,0,2,3,4,5,6,7,8,9,10]
[1,0,2,3,4,5,6,7,8,9,10]
[1,0,2,3,4,5,6,7,8,9,10]
[1,0,2,3,4,5,6,7,8,9,10]
[1,0,2,3,4,5,6,7,8,9,10]
[1,0,2,3,4,5,6,7,8,9,10]
[1,0,2,3,4,5,6,7,8,9,10]
[1,0,2,3,4,5,6,7,8,9,10]
[1,0,2,3,4,5,6,7,8,9,10]
------------
[0,1,2,3,4,5,6,7,8,9,10]
[0,1,2,3,4,5,6,7,8,9,10]
[0,1,2,3,4,5,6,7,8,9,10]
[0,1,2,3,4,5,6,7,8,9,10]
[0,1,2,3,4,5,6,7,8,9,10]
[0,1,2,3,4,5,6,7,8,9,10]
[0,1,2,3,4,5,6,7,8,9,10]
[0,1,2,3,4,5,6,7,8,9,10]
[0,1,2,3,4,5,6,7,8,9,10]
[0,1,2,3,4,5,6,7,8,9,10]
[0,1,2,3,4,5,6,7,8,9,10]
------------
[0,1,2,3,4,5,6,7,8,9,10]
[0,1,2,3,4,5,6,7,8,9,10]
[0,1,2,3,4,5,6,7,8,9,10]
[0,1,2,3,4,5,6,7,8,9,10]
[0,1,2,3,4,5,6,7,8,9,10]
[0,1,2,3,4,5,6,7,8,9,10]
[0,1,2,3,4,5,6,7,8,9,10]
[0,1,2,3,4,5,6,7,8,9,10]
[0,1,2,3,4,5,6,7,8,9,10]
[0,1,2,3,4,5,6,7,8,9,10]
[0,1,2,3,4,5,6,7,8,9,10]
------------
